%% This code is to verify the AC power flow results 
%    with the results obtained with Matpower

%                        total P loss (in MW)  |  total Q loss (in MVAr)
% This program                 604.45                    4762.72
% Matpower (NR method)         722.59                    5065.55

% The maximum absolute difference for voltage magnitude is:       0.125100620102456
% The maximum absolute difference for voltage angle (degree) is:  11.191681585178394

% The average absolute difference for voltage magnitude is:       0.089530686712165
% The average absolute difference for voltage angle (degree) is:  2.996140385904576

% Data format
% 1.bus number  2.Vm 3.ang in degree  
results_Matpower = [
1	0.996430259	-0.85321047
2	0.994588812	-0.362861983
3	0.968453575	-30.19858085
4	0.967229714	-9.024844842
5	0.98467574	-22.16571725
6	0.972385469	-15.53718684
7	0.969175999	-24.78991416
8	0.979101614	-11.61415954
9	0.965193096	-18.90413796
10	1	-23.31625905
11	0.974505823	-7.283277641
12	0.964945916	-27.32290816
13	0.972689201	-24.79038802
14	0.969708373	-5.053184142
15	0.9463175	-17.93459793
16	1	-0.244043995
17	1	0.66830341
18	1	0
19	0.97448058	-26.15605399
20	0.994884212	-2.15903257
21	0.970697354	-25.33899307
22	0.973153371	-13.39131989
23	0.990097898	-18.8757396
24	0.991190764	-13.56299226
25	0.993483689	-11.9212159
26	0.985349341	-22.24651423
27	0.982851747	-10.97124045
28	0.982828487	-10.96582997
29	1	-17.17606625
30	1	-17.17662489
31	1	-12.27202842
32	0.999583156	-12.31270572
33	0.978516583	-11.91651081
34	1.005174583	-11.59178372
35	1.005177944	-11.6006314
36	0.966131498	-15.79681917
37	0.990741801	-20.06968329
38	0.990731557	-20.06854582
39	0.98912392	-10.79451722
40	0.989079941	-10.78314061
41	1	-9.537742541
42	1	-9.551546704
43	1	-8.024126658
44	1	-8.038306597
45	1	-18.40759568
46	0.999982402	-18.40572184
47	0.981323978	-11.8676715
48	0.988948762	-17.1069127
49	0.988984008	-17.11244523
50	0.996240775	-9.653163468
51	0.996277587	-9.673546523
52	0.985124838	-14.73163475
53	0.987524013	-14.60631771
54	0.993787818	-11.84182129
55	0.99097946	-18.93901821
56	0.998033732	-4.194670597
57	0.997271055	-7.932500342
58	0.997533135	-7.932587026
59	0.995751753	1.881226713
60	0.996246961	-3.694334332
61	0.998994549	3.841364236
62	0.99897135	3.84326908
63	1	2.331252199
64	1	2.150402993
65	0.996305482	-0.140915638
66	1.023714833	-9.823379261
67	1	-7.682637133
68	1.007408038	-7.73382675
69	0.997813645	0.194017391
70	1.003423909	-3.236210312
71	0.995497332	-0.912500166
72	0.995497332	-0.912500166
73	1.009042641	-2.372791827
74	1.005949779	-3.448134013
75	0.984855289	-2.542929072
76	0.98489639	-2.547768988
77	0.995098659	-1.499557385
78	0.994325146	-5.214745335
79	0.996377009	-0.099508399
80	0.997986504	-7.872435182
81	0.997990016	-7.871947919
82	0.995037353	2.4898932
83	1	0.177150345
84	1	0.176072214
85	1	-1.44915946
86	1	-1.445963474
87	0.993882662	-2.257820679
88	0.993882337	-2.259104171
89	0.992941406	-0.22223751
90	0.99856349	-1.24547298
91	0.995359687	0.358235212
92	0.985890046	-6.086769102
93	1	0.967995635
94	0.999973211	0.966582481
95	1	0.748206355
96	0.999999353	0.742722356
97	1	-4.853942917
98	0.987196351	-8.560520724
99	0.987311936	-8.549482292
100	0.986746512	-5.648131742
101	0.986741671	-5.63755509
102	0.99451097	-0.113936732
103	1	-1.449335637
104	1	-1.441410938
105	1	-5.536960193
106	0.999717948	-5.549050284
107	1.00105023	-3.605898332
108	1.003290594	-3.404695724
109	1	4.734040154
110	1	4.735787927
111	1	-15.48483855
112	0.999876821	-15.47835098
113	0.958460878	-30.00549732
114	0.970723934	-29.10640995
115	0.935050043	-24.51955354
116	0.934932408	-24.50389769
117	0.976343374	-34.42828746
118	0.966331984	-45.12607068
119	0.966331984	-45.12607068
120	0.951984988	-42.99381971
121	0.96751484	-30.43936399
122	0.96751484	-30.43936399
123	1	-21.322936
124	1	-21.31603878
125	1	-41.16518757
126	1.000030548	-41.15025424
127	1	-32.44768363
128	0.999863553	-32.45619403
129	0.96131663	-37.6594879
130	0.937920003	-38.85053012
131	1	-26.10956779
132	1	-26.1277361
133	0.98606347	-25.56892168
134	0.986141859	-25.57020853
135	0.965435632	-45.00291234
136	0.965435632	-45.00291234
137	0.940950756	-19.65534528
138	0.940950756	-19.65534528
139	1	-21.6378496
140	1	-21.64759973
141	0.976767142	-41.1370308
142	0.963517727	-45.3757106
143	0.983556946	-36.33477152
144	0.983456239	-36.33375648
145	0.911445826	-36.04124896
146	0.911445826	-36.04124896
147	0.952920262	-34.93376371
148	0.952982633	-34.9271824
149	0.979982913	-37.15259982
150	0.96281846	-29.08545613
151	0.962841222	-29.09429956
152	0.96159665	-25.18630513
153	0.96159665	-25.18630513
154	0.937160614	-37.14986979
155	0.969904701	-30.75807536
156	1.043626597	-35.19098534
157	0.976180714	-33.12742485
158	0.976164841	-33.12005037
159	0.982802074	-29.97965572
160	0.982885701	-29.98711727
161	0.976601469	-35.83161997
162	0.976613863	-35.83322255
163	1.009653097	-29.88736282
164	1.009623525	-29.89335631
165	0.937534672	-27.58433792
166	0.979906991	-29.84342183
167	0.979942498	-29.8391609
168	0.977403619	-31.76188597
169	0.977361735	-31.76914457
170	0.971170254	-32.26669437
171	0.971186831	-32.26304306
172	0.983899369	-31.70618475
173	0.983854884	-31.70630595
174	0.970321684	-29.95172307
175	0.970332833	-29.95871848
176	1	-28.66875752
177	1	-28.66604833
178	0.998146403	-37.43766196
179	0.998190838	-37.43204273
180	1	-8.450513022
181	1	-10.40525905
182	1	-25.33908872
183	1.011064385	-12.59810871
184	1	-4.7086396
185	1	-9.254539389
186	1	-41.31119726
187	0.968792199	-29.60712196
188	0.934766952	-37.65796709
189	0.923479366	-34.25675911
190	1.000935189	-5.878872468
191	0.998410368	-7.395578409
192	1	-24.78454412
193	1.002869739	-24.70612789
194	1.000633112	-25.0356511
195	0.997066358	-31.24575555
196	1	-39.60008274
197	0.976515183	-17.49501061
198	1	-31.41556747
199	1.00553587	-9.001372811
200	1.000468147	-29.99406813
201	0.982007548	-32.04365919
202	0.988742238	-26.93285774
203	0.996313004	-31.58698068
204	0.999628221	-15.53645524
205	1	-13.03855698
206	0.994979906	-32.49191918
207	0.999276892	-7.128666668
208	0.996212939	-16.77322042
209	0.996068437	-32.99346382
210	1.00186799	-11.77498845
211	0.993930599	-33.08167294
212	0.985358058	-29.26450884
213	1	-32.50084845
214	0.983019139	-35.40437323
215	0.997518579	-12.49940292
216	1.043775569	-7.099167492
217	0.999356355	-23.84985396
218	0.964710036	-34.05220074
219	0.981190296	-32.4442672
220	0.966746671	-34.06359552
221	0.906733842	-40.87687987
222	1.002975092	-28.73916961
223	0.979111459	-23.53383598
224	0.994212075	-32.42536046
225	0.977265807	-38.31367617
226	0.975921274	-31.83223638
227	0.97703364	-32.00571671
228	0.999605141	-8.002142942
229	0.985448772	-16.99187497
230	0.90205495	-41.70637317
231	0.996973631	-27.99629499
232	0.975485126	-28.5292468
233	0.990080199	-34.12718734
234	0.997387811	-6.821033111
235	0.989462864	-4.783537263
236	0.998344857	-32.25438153
237	0.996661892	-33.58461047
238	1.005401074	-27.77721794
239	0.985992957	-27.10247642
240	0.910996975	-40.06645593
241	0.991319458	-31.24606413
242	0.990896597	-31.72197741
243	1.007629604	-26.21176777
244	1.009326056	-27.50922061
245	1.000432316	-14.03722304
246	1.001949571	-11.70909966
247	0.980709628	-17.13672031
248	0.999474883	-26.22504757
249	0.999587397	-27.97088512
250	0.998143728	-28.20497926
251	0.987999261	-5.062504579
252	0.991628965	-7.8088666
253	0.999573282	-13.88178783
254	0.986358739	-16.05896218
255	0.984052261	-31.37687702
256	0.989974108	-27.66029499
257	0.994002539	-31.65952831
258	0.962456097	-20.27943367
259	0.995064983	-28.54479751
260	0.999033273	-27.41049048
261	1.005473039	-11.69857778
262	1.002438593	-29.08941321
263	0.975621339	-30.12610429
264	1	-34.6073908
265	0.964335459	-20.09529605
266	1.005698158	-13.26259178
267	0.998211968	-15.42014962
268	0.998685734	-13.17945132
269	1	-26.14915431
270	1.00107533	-11.85143033
271	0.995832715	-10.3113922
272	1.005588042	-11.68242928
273	0.997380302	-12.48091689
274	0.998101887	-13.96231872
275	0.998243637	-15.51612762
